# Homework
- [Exercise 13](#exercise-13)
- [Exercise 13](#exercise-14)
- [Exercise 13](#exercise-15)

## Exercise 13
### Xmas tree 🎄

Write a programa that asks the user for a height `h` and then output a Xmas Tree with an height of `h`.
> **Example:**<br />
> User inputs `5`<br />
> Output:
```
    *
   ***
  *****
 *******
*********
    I
```
> **Hint:**<br />
> Don't forget the stem.


## Exercise 14

List a table that multiplies all the numbers from 1 to 10.<br />
Format your output to something like this:
```
 1   2   3   4   5   6   7   8   9  10
 2   4   6   8  10  12  14  16  18  20
 3   6   9  12  15  18  21  24  27  30
 4   8  12  16  20  24  28  32  36  40
 5  10  15  20  25  30  35  40  45  50
 6  12  18  24  30  36  42  48  54  60
 7  14  21  28  35  42  49  56  63  70
 8  16  24  32  40  48  56  64  72  80
 9  18  27  36  45  54  63  72  81  90
10  20  30  40  50  60  70  80  90 100
```

## Exercise 15
### Guessing Game

Write a guessing game where the user has to guess a secret number between 1 and 100 generated randomly by the program.
After every guess the program tells the user whether their number was too large or too small.<br />
After 6 tries the game is over and the user loses.
